fffffff6

1111 1111 1111 1111 1111 1111  0110


10
0000 0000 0000 0000 0000 0000 1010

-10
1111 1111 1111 1111 1111 1111  0110


integer: 2^32 - 1

6
0000 0110

-7

1000 0000   0000 0000  0111
1111 1111   1111 1111  1001
fffffff9

7
0000 0111
-7
1000 0111	// -7 in signed way, 135 in unsigned way
8     7

24
0000 0000 0000 0000 0000 0000 0001 1000
-24
1000 0000 0000 0000 0000 0000 0001 1000

1111 1111 1111 1111 1111 1111 1110 1000
f     f    f    f    f    f     e   8


0000 0000 0001 1000

signed
0000 0000
-127 --- 127

0000 0000 ---- 1111 1111
0 ----- 255


1111 1111 1111 1111

1 0000 0000 0000 0000


0000 0000 0000 0000

11111 1111 1111 1101
fffd

-2
1111 1111 1111 1110

0000 0000 0000 0000 1111 1111 1111 1110

1111 1111 1111 1111 1111 1111 1111 1110


11111 1111 1111 1111
ffff

3个字节的一个无符号整数 abc = 10
three bytes unsigned integer, abc = 10
abc = abc - 20
printf("%d")

sfdsfsfsfd
          sdfsfsfd

asdfasfdsa

cpress any key to continue...

%o

%x %X

0000 0000
1111 1111

0111 1111
1111 1111

0111 1111

0111 1111

1000 0100

1111 1100

0111 1100
7  c

1000000
